%% This is the analysis file that did all of the statistical evaluations. 
% This file is a MATLAB file. All variables here were taken from unloading
% the data saved from the VAE files within the repostory.

% Data for latent space size comparison
Model2 = {[3924.26816591 
    3690.2477972  
    2177.65058311
    2155.32013108 
    3018.49017031
  6744.54692133 
  6338.51528081 
  5540.72971174
  6559.66738521 
  2258.08575923
  3978.63697318
  7301.96989932 
  7191.54640529 
  7026.44054739 
  6350.58404792
  1948.46911452
  6342.42786945 
  6214.02011469 
  6451.02709426 
  6815.68310329
  2191.74048432
  7167.96030839 
  2474.56645172 
  4377.80458785 
  3268.05428296
  2648.85753382
  5973.22713173 
  5835.84012124 
  4188.57186902 
  3725.4063032],
  [3864.44003054
  3686.99635248 
  2163.62647819 
  2135.59332053 
  2906.8014921
  6811.32660149 
  6423.91473201 
  5444.86768532 
  6581.7768097  
  2257.60755256
  3952.88375212 
  7266.25737481 
  7123.34254055 
  7085.75600915 
  6301.91962169
  1868.25590815 
  6252.74395671 
  6220.98864386 
  6425.83317318 
  6947.04088227
  2136.88575536
  7178.03465304 
  2385.00525926 
  4412.48695932 
  3277.06120733
  2643.10481253 
  5876.94046023 
  5800.84079692
  4244.13274298 
  3642.21951531],
  [3964.80337707
  3683.38806167
  2209.35951207 
  2275.95773741 
  3134.64228715
  6787.67637502 
  6256.0056144  
  5680.70295033 
  6480.15988257 
  2295.71928695
  3977.20486973
  7311.7412478  
  7156.9052037  
  6992.43371014 
  6376.39509142
  1917.1915005  
  6334.45846683 
  6278.80983203 
  6463.68168708 
  6881.62824146
  2211.70703584 
  7187.23142462 
  2434.51636551 
  4391.66926782 
  3386.91054439
  2735.31198853 
  5769.00460213 
  5831.34804417 
  4224.21363261 
  3711.54959704],
  [3918.88132235
  3693.5830229 
  2182.14994324
  2146.79710649
  2900.37989663
  6758.38705382
  6177.11080356 
  5438.70500134 
  6535.04545192 
  2225.50013187
  3869.59153523 
  7227.06411818 
  7175.03284179 
  6997.90651239 
  6211.26993706
  1868.16304476 
  6356.7045071  
  6197.74918344 
  6356.93396319 
  6803.582234
  2184.25256185 
  7194.89524169 
  2316.40118838
  4394.88478701
  3286.06534112
  2675.59202765 
  5849.36670268 
  5771.77824924 
  4249.26196388 
  3665.22288548],
  [3917.97774304 
  3603.16205144 
  2153.62780786 
  2178.88893142 
  3052.97162576
  6757.59915717 
  6344.75161971 
  5584.23026675 
  6601.15398623 
  2165.29013384
  3973.36532037 
  7248.42974749 
  7168.48251861 
  6932.39447057 
  6218.25788841
  1927.87835806 
  6413.40123073 
  6195.17261475 
  6306.62980647 
  6779.74950046
  2142.9222484  
  7193.77741557 
  2288.86943586 
  4369.66795294 
  3285.93859134
  2710.5410014  
  5690.09212162 
  5867.81089649 
  4184.74345269 
  3629.09592698]}

Model4 = {[2.97883557e+003 
    2.83315237e+003 
    1.91572128e+003 
    1.80175171e+003
  2.18929622e+003 
  6.52830980e+003 
  5.64835416e+003 
  4.72809863e+003

  1.56447091e+003 
  3.44108509e+003
  7.21732595e+003
  6.42513368e+003 
  6.64128348e+003 
  3.91813251e+003
  1.70210139e+003
  6.18873359e+003
  4.26316483e+003 
  6.28879499e+003
  6.60770211e+003
  1.84626570e+003 
  6.98440361e+003 
  1.98235488e+003 
  4.11570088e+003
  2.37630945e+003 
  2.31239376e+003 
  3.55127004e+003 
  5.69525069e+003
  2.73526656e+003]
  , [3.01885106e+003 
  2.89298728e+003 
  1.98417597e+003
  1.84186005e+003
  2.13484656e+003 
  6.46456460e+003
  5.74948614e+003 
  4.82613764e+003
  2.52175196e+003 
  1.56992193e+003 
  3.59243078e+003 
  7.21674977e+003
  6.49862069e+003 
  6.73527514e+003 
  3.94025702e+003 
  1.72276570e+003
  6.32562169e+003
  4.94337241e+003 
  6.33448718e+003 
  6.87399668e+003
  1.80778732e+003 
  7.12773744e+003
  2.16681100e+003 
  4.07780434e+003
  2.36761088e+003 
  2.40810764e+003 
  3.58399977e+003 
  5.70472607e+003
  2.75949741e+003 
  3.12153560e+003],
  [2.98097118e+003 
  2.88060341e+003 
  1.93402530e+003 
  1.80891251e+003
  2.29218259e+003 
  6.81179216e+003 
  5.73210748e+003 
  4.67386547e+003
  4.68521378e+003 
  1.64405558e+003 
  3.48238900e+003 
  7.24867791e+003
  6.35956020e+003 
  6.45809511e+003 
  4.09854292e+003 
  1.78541342e+003
  6.27087063e+003 
  4.43468243e+003 
  6.41234078e+003 
  6.68117081e+003
  1.94494366e+003 
  7.19428048e+003
  1.84733107e+003 
  4.07838861e+003
  2.42878424e+003
  2.39433561e+003 
  3.71441011e+003 
  5.66581857e+003
  2.78974773e+003 
  2.57645846e+003],
  [3.06733993e+003
  2.82121697e+003 
  6.69694709e+003 
  1.86549020e+003
  1.99872366e+003 
  6.57917310e+003 
  5.79888359e+003
  4.91374937e+003
  4.55004990e+003 
  1.53787548e+003 
  3.55649428e+003
  7.28392225e+003
  6.45965260e+003 
  6.57726563e+003 
  4.04388199e+003 
  1.53826425e+003
  6.05562834e+003 
  5.91019475e+003
  6.33132564e+003 
  6.74895273e+003
  1.72828221e+003 
  7.11015400e+003 
  1.88803989e+003 
  4.08927313e+003
  2.18001469e+003 
  2.30670216e+003 
  3.55672991e+003 
  5.63733743e+003
  2.68279254e+003 
  3.24963935e+003],
  [3.03667970e+003
  2.85842451e+003 
  1.99569108e+003
  1.83747349e+003
  2.10925882e+003
  6.59316533e+003
  5.78647805e+003 
  4.78803986e+003
  4.42457589e+003 
  1.57881570e+003
  3.47282215e+003 
  7.23188954e+003
  6.64338721e+003 
  6.65326921e+003 
  3.97230661e+003 
  1.74128728e+003
  6.18780947e+003 
  4.49929767e+003
  6.29263771e+003 
  6.67858077e+003
  1.82588197e+003 
  7.07856055e+003 
  2.09462103e+003 
  4.07850499e+003
  2.42268469e+003 
  2.36699636e+003 
  3.71715535e+003 
  5.73758732e+003
  2.80142452e+003 
  2.81288624e+003]}

Model6 = {[2617.39421977
    2489.98526375
    1751.34859963
    1614.34704983
    1692.66940043
  6443.9493502  
  5654.33070847 
  4108.44230329 
  4192.42492432 
  1246.97812701
  3355.96058695 
  7079.84302162 
  6141.26193254 
  6082.08793282 
  3632.4565923
  1297.58586515 
  6084.37838973 
  4034.94565538 
  6147.19759271 
  6460.65010815
  1537.35207687 
  7075.75598741 
  1415.01035787 
  2814.49676984 
  1981.39774422
  2033.22415469 
  2520.16621802 
  5405.98412027 
  2259.33675754 
  2123.71037511],
  [2658.53113011
  2600.56644239 
  1781.01694742 
  1640.20715771 
  1750.87499946
  6511.3238426 
  5561.51521956 
  4233.60736602 
  3929.72304955 
  1255.23166819
  3471.8112957  
  7225.08209447 
  6230.33121252 
  6233.03263856 
  3726.05881878
  1340.04608001 
  5943.93646615 
  3921.05566736 
  6117.87413597 
  6420.98827465
  1547.78116384 
  7038.19646768
  1389.69518425 
  2799.15322668 
  2072.5762484
  2129.74011857 
  2936.07453217 
  5479.50027836 
  2151.65346473 
  2209.35338788],
  [2753.78606555 
  2662.05628003 
  1791.66333433 
  1612.99925515 
  1848.69667228
  6528.58142479 
  5537.54121969 
  4521.61868945 
  3633.45274107 
  1319.6644413
  3328.11061646 
  7105.65763072 
  6277.8419     
  6486.39771688 
  3675.28812275
  1365.62532693 
  5916.53687386 
  4238.52554887 
  6113.97219599 
  6295.67795891
  1612.393871   
  7034.1251444  
  1454.21138236 
  3716.29122137 
  2103.65018108
  2070.2912002  
  2805.92891603 
  5628.83790896 
  2520.19561548 
  2250.57850645],
  [2677.49701655 
  2595.95412601 
  1819.52431317 
  1657.83280691 
  1762.27181581
  6504.91037348 
  5673.07293297 
  4232.17503804 
  4209.67927677 
  1273.97536177
  3391.70004462 
  7214.15178662 
  6319.67895906 
  6266.98171569 
  3606.95548121
  1365.90112079 
  6141.884074   
  4106.84301126 
  6133.22443639 
  6711.05613011
  1615.36379091 
  7260.03628664 
  1444.05579031 
  2849.49139857 
  2048.83025506
  2135.19399281 
  2729.10540594 
  5474.33966666 
  2321.3442159  
  2264.15850215],
  [2708.02370428 
  2611.04141609 
  1803.83188704 
  1625.01225757 
  1787.73561824
  6571.67934188 
  5512.03694259 
  4109.37209216 
  3845.45641146 
  1284.02761634
  3533.18391016 
  7265.36971846 
  6259.12785086 
  6274.99924599 
  3779.73835871
  1337.61726868 
  5885.16857455 
  4056.8746077  
  6265.53938013 
  6415.14894161
  1579.9176075  
  7012.49357092 
  1403.6604987  
  2841.97187761 
  2079.10532392
  2143.40081231 
  3114.42553782 
  5463.40557928 
  2178.19902644 
  2280.20096991]}

Model8 = {[2.53714904e+003 
    2.41131396e+003 
    1.73775776e+003 
    1.54963814e+003
  1.57019378e+003
  6.41938572e+003 
  5.47718345e+003 
  4.22410161e+003
  3.54618069e+003
  1.17949007e+003 
  2.74359497e+003
  7.20678262e+003
  6.23480588e+003
  6.19809841e+003 
  3.28762307e+003 
  1.29480519e+003
  5.83265202e+003 
  3.71174291e+003 
  5.97797272e+003 
  6.19028982e+003
  1.43059656e+003 
  7.01804035e+003 
  1.26354385e+003 
  2.60777123e+003
  1.74231613e+003 
  1.96371864e+003 
  2.58726767e+003 
  5.38113995e+003
  1.94198904e+003 
  2.13900756e+003],
  [2.48818178e+003
  2.31178419e+003 
  1.72178462e+003
  1.46182514e+003
  1.56069441e+003
  6.39404544e+003 
  5.40310944e+003 
  3.48677269e+003
  3.45420040e+003 
  1.21762085e+003
  2.43388237e+003 
  6.96237388e+003
  6.02200761e+003
  6.20976250e+003 
  3.40195927e+003 
  1.25175107e+003
  5.67564166e+003 
  3.66977879e+003 
  5.99225994e+003
  6.25633055e+003
  1.39135229e+003 
  6.70168559e+003 
  1.19165970e+003 
  2.38790785e+003
  1.79954716e+003 
  1.91301061e+003 
  2.31025608e+003 
  5.35021242e+003
  1.89217498e+003 
  2.06012336e+003],
  [2.53500167e+003,
  1.45320989e+003
  1.65759748e+003 
  6.48482527e+003
  5.56340116e+003
  3.46027876e+003 
  1.15351197e+003 
  2.33297469e+003 
 
  6.17075537e+003 


  5.84082631e+003
  6.86903892e+003 
  1.30414126e+003 
  2.24560899e+003
  1.89383933e+003 
  1.88114527e+003
  2.36808560e+003 
  5.42709038e+003
  1.95855871e+003 
  1.89517215e+003],
  [2.43582985e+003
  2.26107367e+003
  1.66827691e+003 
  1.45168553e+003
  1.55922493e+003 
  6.41724880e+003
  5.55578939e+003
  3.12353724e+003
  3.41510599e+003
  1.16055747e+003 
  2.25711912e+003
  6.98374384e+003
  6.01819674e+003 
  6.01869669e+003
  3.52609451e+003 
  1.22605426e+003
  5.65345913e+003 
  3.73560645e+003 
  5.87909747e+003 
  6.19687733e+003
  1.37624538e+003 
  6.80967500e+003 
  1.26140615e+003 
  2.33528884e+003
  1.86001566e+003 
  1.83344211e+003
  2.34174115e+003 
  5.35694006e+003
  1.90472054e+003 
  1.98333672e+003],
   [2.44818832e+003
   2.28830328e+003
   1.74239572e+003 
   1.48867778e+003
  1.50780092e+003 
  6.46135471e+003 
  5.45271533e+003 
  3.79404800e+003
  3.60906377e+003 
  1.21656720e+003
  2.49999530e+003 
  7.09412349e+003
  6.21544458e+003 
  6.17191263e+003 
  3.36383754e+003 
  1.25284837e+003
  5.78692657e+003 
  3.71316999e+003 
  6.17729916e+003
  1.39631536e+003
  6.74166018e+003 
  1.22279472e+003 
  2.44386881e+003
  1.80937410e+003 
  1.86938710e+003 
  2.37097925e+003 
  5.33651561e+003
  1.97560799e+003 
  2.01669028e+003]}
Model10 ={[2297.954749 
    1988.2851499  
    1572.1527903  
    1373.25091549 
    1444.73212732
  6511.26624977 
  5500.94351719 
  3266.84366184 
  3418.34288778 
  1089.57343201
  2280.92474993 
  6976.06856795
  6107.68186784 
  6123.22958895 
  3097.25091911
  1174.38523353 
  5802.10125907 
  3598.22155261 
  6024.68449141 
  6172.19788367
  1233.98011186 
  6748.75460203 
  1121.81330676 
  2343.2305779  
  1645.44577719
  1797.06186744 
  2224.76475377 
  5356.50630757 
  1761.64936761 
  1894.16581274],
 [2316.61111103 
 2017.81802896 
 1636.06829899 
 1379.76178903 
 1474.99698688
  6349.24949871 
  5428.06938604 
  3105.38839732 
  3346.03776513 
  1104.71396074
  2415.90774303 
  7076.17856093 
  5968.88934594 
  6118.108562   
  3048.19151709
  1196.57279378 
  5811.94645636 
  3538.4875474  
  6024.89700107 
  6213.49182797
  1266.93997551 
  6607.79693888 
  1225.18354892 
  2233.76228694 
  1665.92369187
  1759.29497562 
  2157.7975582  
  5271.3265029  
  1752.45441965 
  1907.54059973],
 [2415.92246421 
 2134.135441   
 1732.48484633 
 1389.46829598 
 1445.26000767
  6348.87086141
  5464.95687264 
  3035.87420445 
  3296.29461195 
  1118.84093231
  2049.30397123 
  6983.59908587 
  6080.63580705 
  6077.22164964 
  3012.67668963
  1211.41662374 
  5702.34373504 
  3603.67773611 
  6077.30361809 
  6260.63752198
  1324.71299687 
  6839.52766732 
  1171.32256691 
  2088.61169433 
  1697.04877412
  1757.36754008 
  2252.33552083 
  5282.33475701 
  1807.34728503 
  1835.08777159],
 [2356.99941137 
 1935.78886111 
 1566.77039867 
 1410.44089396 
 1474.86322936
  6503.88324146 
  5580.64565464 
  3190.16505687 
  3409.51641284 
  1109.82154084
  2166.93151489 
  7081.43015737 
  6149.5658736  
  6193.62671766 
  3447.21814132
  1205.13056553 
  5835.38988682 
  3640.03389991 
  5872.38235942 
  6090.62790069
  1269.8593255 
  6795.94882219 
  1197.09422245
  2168.86995625 
  1689.47593582
  1816.83681237 
  2118.24722288 
  5309.68535454 
  1819.96971698 
  1825.80699057],
 [2326.84248968
 2139.08991281 
 1674.24715129 
 1478.68542494 
 1505.60389803
  6386.56786802 
  5492.57288609 
  3518.85297082 
  3121.28804433 
  1140.83265191
  2431.64061743 
  7103.4169232  
  6092.85995127 
  6216.04387609 
  3194.2924919
  1226.02742552 
  5834.94036625
  3661.59424467
  5918.78980866
  6365.81005032
  1333.11485147 
  6831.74471127 
  1210.07129911 
  2341.40329526 
  1667.96146809
  1828.89660246 
  2234.01111115 
  5307.9724333  
  1786.73469282 
  1903.26494976]}


% Statistical evaluatoin for latent space sizing
figure;
totalMatrix2 =[]
totalMatrix4 =[]
totalMatrix6 =[]
totalMatrix8 =[]
totalMatrix10 =[]
backingMatrix = []
for i = 1:5
    totalMatrix2 =[totalMatrix2;Model2{i}(:)];
    backingMatrix = [backingMatrix;ones(length(Model2{i}(:)),1)*2];
end

for i = 1:5
    totalMatrix4 =[totalMatrix4;Model4{i}(:)];
    backingMatrix = [backingMatrix;ones(length(Model4{i}(:)),1)*4];
end

for i = 1:5
    totalMatrix6 =[totalMatrix6;Model6{i}(:)];
    backingMatrix = [backingMatrix;ones(length(Model6{i}(:)),1)*6];
end
for i = 1:5
 totalMatrix8 =[totalMatrix8;Model8{i}(:)];
 backingMatrix = [backingMatrix;ones(length(Model8{i}(:)),1)*8];
end

for i = 1:5
    totalMatrix10 =[totalMatrix10;Model10{i}(:)];
    backingMatrix = [backingMatrix;ones(length(Model10{i}(:)),1)*10];
end

%ANOVA test for latent space sizing results

[p,tbl,stats] = anovan([totalMatrix2;totalMatrix4;totalMatrix6;totalMatrix8;totalMatrix10],backingMatrix)
multcompare(stats)

%Created figures latent space ANOVA
figure;
totalMeans = [mean(totalMatrix2),mean(totalMatrix4),mean(totalMatrix6),mean(totalMatrix8),mean(totalMatrix10)]
bar([2,4,6,8,10],totalMeans)
xlabel('Size of Latent Space')
ylabel('Average Error Between Origional Pixel Value and VAE Altered Pixel Value')
ylim([0,5500])

%%

% Data for filter size comparison
Filter1 ={[2453.54742481
    2265.54180602 
    1641.67501983 
    1435.8422384  
    1613.74987276
  6395.02585787 
  5517.77338046 
  3384.79241929 
  3459.78898167 
  1126.44514578
  2216.56182003 
  7090.53852362 
  6065.54164814 
  6099.02256615 
  3407.45746867
  1214.43013072 
  5850.57123052 
  3793.89445815 
  6074.89003712 
  6258.5638995
  1375.50097564 
  6971.90458482 
  1244.45690174 
  2373.54681594 
  1977.4982238
  1873.48573897
  2346.43300372 
  5432.11166242 
  1863.56274269 
  1989.79258798],
 [2477.51545    
 2321.34082934 
 1724.78369941 
 1458.48178293 
 1561.13053294
  6455.97078495
  5466.45481422 
  3976.80873825
  3486.73278864
  1190.38018392
  2325.7810466 
  7049.41248112 
  6368.49407906
  6104.10800908
  3434.68864574
  1253.9839361 
  5741.26328598
  3778.66081633 
  6143.97747833 
  6061.67364658
  1376.4694018  
  6855.19411413 
  1256.32101832 
  2490.73670631 
  1888.48486228
  1883.26321055 
  2312.07872167 
  5397.30066837 
  1848.47218679 
  2007.75075058],
 [2543.5879826 
 2089.43552152 
 1719.02130744 
 1509.60235488 
 1693.6820842
  6537.57791083
  5655.55949604 
  3711.15131552 
  3658.19913738 
  1116.83604839
  2667.89527985 
  7154.26005734 
  6163.59957562 
  6231.07721111 
  3194.69443383
  1232.25135272 
  5799.72938317 
  3930.21271709 
  6029.8796569  
  6291.9070024
  1415.33040274 
  6848.19362963 
  1312.24800639 
  2406.08891109 
  1811.26522786
  1900.4561999  
  2490.94787877 
  5479.00226895 
  1955.31839548 
  1897.85132779],
 [2627.15949292 
 2203.5998985  
 1769.39125509 
 1545.65160814 
 1709.38783897
  6551.65020059
  5701.4210997  
  3808.53640007 
  3531.68716255 
  1206.44853124
  2524.09950265 
  7141.42981174 
  6337.003277   
  6284.41988268 
  3250.00754748
  1271.05459481 
  5905.40676748 
  3762.24179923 
  6117.5609672 
  6259.34117815
  1458.16908199 
  7030.49041405 
  1414.60127009 
  2455.89645426 
  1977.55301993
  1924.94927568 
  2465.86390295 
  5518.32653706 
  1975.63661926 
  1994.99750855],
 [2483.96769739 
 2240.19938605 
 1761.17220809
 1514.32600424 
 1546.60951959
  6436.450547  
  5639.23417985
  3672.26096773
  4087.24709172
  1195.33930486
  2856.3610179 
  7063.14033379 
  6338.53872135
  6154.10178079 
  3270.12246341
  1252.0786517  
  5711.48996343
  3856.7466441 
  6155.73434782
  6509.3085478
  1423.46786307 
  6887.27268447 
  1245.76326464
  2411.71836915 
  1804.59219896
  1884.52026798 
  2495.775006   
  5303.41947983 
  1907.88811027 
  1979.03857995]}


Filter2 = {[2.54840919e+003 
    2.37735252e+003 
    1.73907401e+003
    1.47768630e+003
  1.65771461e+003 
  6.38074263e+003
  5.63161937e+003 
  3.46939048e+003
  3.55230840e+003 
  1.21643305e+003 
  2.60551083e+003 
  7.03532347e+003
  5.82329504e+003 
  6.16468404e+003 
  3.48398771e+003 
  1.28820197e+003
  6.03267781e+003 
  3.56757064e+003
  6.11701261e+003 
  6.48713731e+003
  1.42780164e+003 
  6.83934038e+003 
  1.23443349e+003 
  2.47787888e+003
  1.87703214e+003 
  1.89344447e+003 
  2.32642128e+003 
  5.42796289e+003
  1.92188685e+003 
  2.07316030e+003],
  [2.45347443e+003 
  2.11416423e+003 
  1.64837183e+003 
  1.45295670e+003
  1.58616523e+003 
  6.43615109e+003
  5.64361898e+003 
  3.61821399e+003
  3.41703290e+003 
  1.09641737e+003 
  2.44064439e+003 
  7.05790879e+003
  6.06131400e+003
  6.17023345e+003 
  3.12941384e+003
  1.23506706e+003
  5.81775497e+003
  3.63454288e+003
  5.98170374e+003 
  6.24758018e+003
  1.34567682e+003 
  7.03500604e+003
  1.21829809e+003 
  2.37288950e+003
  1.66658921e+003 
  1.88924984e+003 
  2.39343253e+003 
  5.28896055e+003
  1.88877035e+003 
  1.89351433e+003],
   [2.51088814e+003 
   2.26455213e+003 
   1.72192766e+003
   1.55265405e+003
  1.69354775e+003 
  6.68113551e+003
  5.52847725e+003
  3.84202383e+003
  3.56488429e+003 
  1.17430270e+003
  2.62316335e+003 
  7.14832311e+003
  6.22321806e+003
  6.36964126e+003 
  3.50634860e+003
  1.28024283e+003
  6.09168722e+003
  3.95804444e+003
  6.26438061e+003 
  6.38219906e+003
  1.42571839e+003
  7.04536476e+003 
  1.27323483e+003
  2.52453173e+003
  1.92107473e+003
  1.94630812e+003
  2.48982906e+003
  5.38495883e+003
  1.89099949e+003 
  2.11790803e+003],
  [2.45650766e+003
  2.24114096e+003 
  1.69445902e+003 
  1.46507885e+003
  1.54209755e+003 
  6.34315542e+003
  5.51390016e+003 
  3.50744344e+003
  3.21733256e+003
  1.21972606e+003 
  2.37838667e+003
  7.04412137e+003
  5.96835686e+003 
  6.16201070e+003
  3.29774474e+003 
  1.26088558e+003
  5.80641223e+003
  3.51636955e+003
  6.16254829e+003
  6.37819622e+003
  1.39090813e+003
  6.72904692e+003 
  1.17465717e+003
  2.44331205e+003
  1.77203198e+003
  1.95355095e+003
  2.29217034e+003 
  5.52805238e+003
  1.87024681e+003
  2.02974675e+003],
   [2.46223196e+003 
   2.19579337e+003
   1.72083622e+003 
   1.50828646e+003
  1.57908964e+003
  6.49718605e+003
  5.61162465e+003
  3.59035628e+003
  3.59092948e+003 
  1.15695774e+003
  2.46787120e+003
  7.17440215e+003
  6.24416352e+003 
  6.25047934e+003 
  3.52709924e+003 
  1.23748079e+003
  5.79735165e+003 
  3.80372777e+003
  6.00834082e+003
  6.24207457e+003
  1.40683107e+003 
  6.92138865e+003 
  1.23340290e+003 
  2.26477987e+003
  1.78354362e+003
  1.91526835e+003
  2.44693950e+003
  5.44102280e+003
  1.91455682e+003
  1.95099238e+003]}

Filter3 = {[2.49240610e+003 
    2.32826557e+003
    1.74572183e+003 
    1.49585289e+003
  1.52172824e+003   
  5.55807750e+003            
  3.48044843e+003    
  2.80203539e+003             
  6.20121459e+003       
  3.43892628e+003            
  5.94134388e+003       
  6.14869328e+003             
  1.40146127e+003        
  1.27015790e+003             
  1.73505652e+003        
  2.50460717e+003             
  1.90176543e+003             ]
 [2.54508951e+003         
 1.69488659e+003             
  1.66889388e+003        
  5.54818340e+003             
  3.48260934e+003         
  2.34601223e+003 
  7.11271855e+003
  5.91906618e+003        
  3.58400301e+003             
  5.90990111e+003        
  6.21540839e+003            
  1.42149321e+003        
  1.25953242e+003             
  1.76792751e+003        
  2.30617291e+003             
  1.88443549e+003             ]
 [2.51927497e+003       
 1.71137534e+003             
  1.59101171e+003       
  5.64222714e+003             
  3.27515288e+003       
  2.29916561e+003             
  5.88316232e+003       
  3.42788084e+003             
  6.18196338e+003       
  6.04639177e+003             
  1.39885161e+003        
  1.22791244e+003             
  1.71261440e+003       
  2.31019664e+003             
  1.83397533e+003             ]
 [2.56922840e+003         
 1.82302972e+003             
  1.70378844e+003          
  5.65016308e+003             
  4.02312954e+003         
  2.80178880e+003             
  6.30220836e+003        
  3.31698813e+003            
  6.04721391e+003        
  6.27424268e+003             
  1.51360368e+003        
  1.37751090e+003             
  1.78360688e+003        
  2.66473444e+003             
  2.00121756e+003]
 [2.50117007e+003   
 1.74385687e+003             
  1.56852766e+003     
  5.67432225e+003             
  4.07822031e+003 
  1.18223704e+003
  2.75564719e+003
  7.05723735e+003
  6.31164137e+003 
  3.32663456e+003
  1.26144066e+003
  6.08928551e+003
  3.91597349e+003 
  6.33433788e+003
  6.42815413e+003
  1.46338188e+003
  7.07190670e+003 
  1.26995418e+003 
  2.37456543e+003
  1.73476657e+003
  1.91053859e+003
  2.55772054e+003 
  5.46209273e+003
  1.96648367e+003 
  2.13264483e+003]}
Filter4 = {[2475.54966171
    2293.12652761 
    1639.73384078 
    1540.35458457 
  6509.63976455  
  3512.70659169 
  1127.41527093
  2569.73145106
  7063.3328174  
  5988.54383797 
  6176.08856022
  1233.36940462 
  3511.72294909  
  6956.58301476         
  2082.4555193 ]
 [ 2331.42403273  
 1495.67341336  
  6332.98545855
  3550.48142248 
  1156.56801904
  6468.29642132
   7006.34029664          
  5543.15484958   ]
 [   1597.47910018     
3405.32529717  
 1245.08233319
   7134.90314084      
 6225.42113185        
 3840.9251388   
 6441.78257096
   6956.6436196       
 2484.40640127      
  1949.80637637      
  5446.74869725  ]
 [   2378.0134253   
  6383.41523927    
 3483.72221345 
1234.53098366
   7069.2366871    
6291.6825605       
  1301.80067781     
 3828.45338779   
 6455.52002005
    6934.50898426   
 2415.33674784    
    5667.49043799   
2137.75783519]
 [ 2388.05373213 
 1526.63186586   
  6486.46522947  
 3797.29918947 
 3646.70690803
 1231.60566788
  2779.50423986 
  7101.35497201 
  6211.8570436 
  6246.41074519 
  3616.95887503
  1272.67341929 
  5955.91435334 
  4148.04850031 
  6152.05367056
  6320.91538478
  1483.78837062 
  6995.42961007
  1359.9427692  
  2452.99269563 
  1755.81372146
  1940.04053536 
  2608.15760284 
  5471.5596353  
  2095.56886539 
  2090.85391717]}

% Statistical evaluation for filter amount comparison
totalFilter1 =[]
totalFilter2 =[]
totalFilter3 =[]
totalFilter4 =[]
 backingMatrix = []

for i = 1:5
    totalFilter1 =[totalFilter1;Filter1{i}(:)];
    backingMatrix = [backingMatrix;ones(length(Filter1{i}(:)),1)*1];
end

for i = 1:5
    totalFilter2 =[totalFilter2;Filter2{i}(:)];
    backingMatrix = [backingMatrix;ones(length(Filter2{i}(:)),1)*2];
end

for i = 1:5
    totalFilter3 =[totalFilter3;Filter3{i}(:)];
    backingMatrix = [backingMatrix;ones(length(Filter3{i}(:)),1)*3];
end
for i = 1:5
 totalFilter4 =[totalFilter4;Filter4{i}(:)];
 backingMatrix = [backingMatrix;ones(length(Filter4{i}(:)),1)*4];
end

%ANOVA test for filter amount results
figure;
[p,tbl,stats] = anovan([totalFilter1;totalFilter2;totalFilter3;totalFilter4],backingMatrix)
multcompare(stats)

%Created figures filter amount ANOVA
figure;
totalMeans = [mean(totalFilter1),mean(totalFilter2),mean(totalFilter3),mean(totalFilter4)]
bar(["32x64" "64x128" "96x192" "128x256"],totalMeans)
ylabel('Average Error Between Origional Pixel Value and VAE Altered Pixel Value')
xlabel('Number of Filters in First/Last x Second/Third Convolutional Layer')


%%

% Data for deceased vs discharged error

Deceased = {[2245.47338926
    6859.72048443 
    2711.17556691
    6415.45449256 
    1718.29984249
  6868.25191726 
  6740.04589344 
  6633.70420981 
  2800.62812962 
  2104.98716222
   978.35584365 
   6917.10612594
   4883.66252825 
   6414.35295707 
   7092.56045421
  6918.14109655 
  6169.22252396
  2298.23190044 
  6230.72586334 
  2920.00337682
  3497.5444712  
  1834.07213167 
  7028.5608699  
  7082.88433637 
  7229.90505832
  6947.30934331 
  2714.90821105 
  2082.53103041
  7200.88837066 
  1248.21331504]
 [2172.56004065 
 6702.63469272 
 2642.82494755 
 6304.96151172 
 1629.42895227
  6735.39861798
  6573.70164867
  6568.42417017 
  2677.51879666
  2024.49183951
   892.52289141
   6900.46384213
   4629.11086911
   6237.7926351 
   7024.84882048
  6733.00588475 
  6069.06830977 
  2300.33799743
  6136.98401957 
  2878.90843914
  3420.79151702 
  1747.41076594
  6914.91316144 
  7058.4363158 
  7126.67384157
  6872.37001039
  2574.46315089 
  1970.04306865 
7102.76985012 
1158.34669983]
 [2108.4940315 
 6739.27980355 
 2630.25758373 
 6318.89252509 
 1620.37274259
  6697.47787003
  6476.5819136 
  6496.7134317 
  2696.0893595 
  2002.6239628
   911.73663425 
   6846.23391157
   4741.24776128 
   6268.5359666  
   6998.07362883
  6737.19985985
  6070.92904847
  2496.94174813 
  5959.64597016 
  2663.4502826
  3170.03116015 
  1701.63849961
  6844.97111319
  7012.76506531 
  7072.84763921
  6840.01756938
  2632.28436568 
  1991.99519334 
  7123.49778277 
  1161.28499252]
 [2386.89806881 
 6512.26123219 
 2833.6066195  
 6346.98162969 
 1644.92529891
  6784.88521317 
  6596.97076839
  6592.75463867 
  3008.18010951 
  2078.30980849
   981.30466017 
   6752.54511545
   4638.34745454
   6291.04801658
   6996.00625723
  6846.02200476 
  6001.1155545  
  2405.27590288 
  6008.43320296 
  2735.98419677
  3362.43335882 
  1836.26060778 
  6785.93633829 
  7072.50414507 
  7100.18062215
  6906.79061409 
  2639.80108893
  2036.41076373 
  7252.18868954 
  1227.44275701]
 [2200.82153046
 6791.73561932
 2680.81239158 
 6319.7697823 
 1598.13420968
  6624.65276792
  6647.32969065 
  6619.51273375 
  3012.12362963
  2022.51269987
   933.04266933
   6965.5167142 
   4253.96867995 
   6178.79753385 
   6962.3956544
  6785.67918099 
  5833.79628471 
  2204.81154572 
  6017.86246223 
  2786.63131409
  2894.8947441  
  1679.14531792 
  6818.20761023 
  7056.97757705
  6873.42796783
  6768.13685524 
  2683.26592311 
  1951.91453937
  7166.81000206 
  1168.70545214]}

Discharged = {[6555.02567723 
    4434.77413052
7305.84026379 
7120.20040388
1348.86739995
  6655.31906725 
  5803.34682625
  6639.93603806 
  6455.84253315 
  2951.39684657
  2163.67620431 
  6186.84465683 
  6800.80681939 
  6486.93612171 
  3368.4573037
  2379.86277116
  
  6977.85460837 
  3417.65618108 
  3824.11602019 
  6114.96590606
  6864.19008546
  6513.84873825
  6229.37115791 
  1918.45656935
  6950.21836986
  4710.68533358 
  6461.24156844 
  1909.67453213 
  7054.11506186 
  6930.46601577]
 [6282.83793557
 4364.95762893 
 7184.69698055 
 6968.87733401 
 1300.90201792
  6227.26760677 
  5792.60269439 
  6339.59777666 
  6474.78603849 
  2713.46255232
  1782.26219288 
  5919.52119058 
  6623.2670017 
  6323.67624935 
  3399.66236967
  2401.26436982 
  6881.0660637  
  2701.99428083 
  3378.47074099 
  5840.81232101
  6471.45779722
  6539.41041459
  6138.7970824  
  1883.7409123  
  6932.56864606
  4166.78302031 
  6154.85388982 
  1746.78059283 
  7107.56160528 
  6724.76674399]
 [6502.72557779 
 4393.74876361 
 7289.01797529 
 7040.47448423 
 1299.20251092
  6581.01916261 
  5784.65631311 
  6597.39448494 
  6579.04364073 
  2603.32157251
  1952.1708818  
  6005.42579384 
  6815.03487069 
  6597.16039485 
  3520.54097851
  2391.18419533 
  6965.51801231 
  3008.59448156 
  3682.27167901 
  6133.2518679
  6696.60512051 
  6301.45988719 
  6278.24744349 
  1907.7075288  
  7129.90859754
  4654.99151512 
  6719.48314561 
  1837.15665595 
  7186.5487763  
  6838.11057456]
 [6492.68063648 
 4705.31863622 
 7334.45265992 
 7186.04423083 
 1334.37057452
  6768.40206705
  5889.35704815 
  6577.86105876 
  6661.83760226 
  3108.29331502
  2075.21245114
  6081.08825012 
  6847.58958481 
  6663.14328824 
  3329.22719657
  2493.67777975 
  7083.97177247 
  2931.6458345  
  3866.02241416 
  6134.0353
  6851.41253223
  6416.07993511 
  6414.88545154 
  1922.22480273 
  7174.2822265
  4756.98290486
  6559.48631829 
  1910.93192317 
  7387.03903919 
  6995.1084202 ]
 [6613.49519162
 5008.62433911 
 7260.99291155 
 7133.59654713 
 1415.99638109
  6600.67984041 
  6029.05003025 
  6691.66346341 
  6700.83674885 
  3080.79893121
  1934.49887825 
  6293.11337048 
  6936.53919134 
  6542.96282304 
  3199.8431016
  2560.05638304
  7147.15579247
  3372.85247709 
  3830.11963435 
  6214.96993018
  6975.19674419
  6625.89474778
  6434.42606616 
  2184.23951621 
  7220.14997531
  4692.78496177 
  6637.38601188 
  2057.14390385 
  7428.89892389 
  6890.99036404]}


%Statistical testing between error of deceased and discharged groups
totalDeceased = [];
totalDischarged =[];
backingMatrix = [];
for i = 1:5
    totalDeceased =[totalDeceased;Deceased{i}(:)];
    backingMatrix = [backingMatrix;ones(length(Deceased{i}(:)),1)*1];
end

for i = 1:5
    totalDischarged =[totalDischarged;Discharged{i}(:)];
    backingMatrix = [backingMatrix;ones(length(Discharged{i}(:)),1)*2];
end

%ANOVA between deceased and discharged groups
figure;
[p,tbl,stats] = anovan([totalDeceased;totalDischarged],backingMatrix)
multcompare(stats)

%Created figure for deseaced vs discharged ANOVA results
figure;
totalMeans = [mean(totalDeceased),mean(totalDischarged)]
bar(["Deceased" "Discharged"],totalMeans)

ylabel('Average Error Between Origional Pixel Value and VAE Altered Pixel Value')
entireSet = [totalDeceased;totalDischarged]
meanEntire = mean(entireSet)

%Testing for accuracy of using median error to differentiant deceased vs
%discharged patients
truePositive = 0
trueNegative = 0
falsePositive = 0
falseNegative = 0
accuracy = [0,0,0,0,0]

for j = 1:5
truePositive = 0
trueNegative = 0
falsePositive = 0
falseNegative = 0
    for i=1:length(entireSet)/5
        index = (30*(j-1))+i
        if entireSet(index) > meanEntire & backingMatrix(index)  == 1;
            truePositive = truePositive +1
        elseif entireSet(index) < meanEntire & backingMatrix(index)  == 1;
            falseNegative = falseNegative + 1
        elseif entireSet(index) > meanEntire & backingMatrix(index)  == 2;
            falsePositive = falsePositive +1
        elseif entireSet(index) < meanEntire & backingMatrix(index)  == 2;
            trueNegative = trueNegative + 1
        else
            print('somethingsWrong')
        end
    end
accuracy(j) = (truePositive+trueNegative)/(truePositive+trueNegative+falseNegative+falsePositive)
end

% Finding overal mean accuracy
meanAccuracy = mean(accuracy)